static const short yyrhs[] = {    -1,
    92,     0,     0,    93,    95,     0,     0,    92,    94,    95,
     0,    97,     0,    96,     0,    27,    67,   106,    83,    84,
     0,   288,    95,     0,   127,   161,    84,     0,   147,   127,
   161,    84,     0,   146,   127,   160,    84,     0,   153,    84,
     0,     1,    84,     0,     1,    85,     0,    84,     0,     0,
     0,   146,   127,   189,    98,   122,    99,   249,   250,   238,
     0,   146,   127,   189,     1,     0,     0,     0,   147,   127,
   194,   100,   122,   101,   249,   250,   238,     0,   147,   127,
   194,     1,     0,     0,     0,   127,   194,   102,   122,   103,
   249,   250,   238,     0,   127,   194,     1,     0,     3,     0,
     4,     0,    51,     0,    57,     0,    56,     0,    62,     0,
    63,     0,    86,     0,    87,     0,   108,     0,     0,   108,
     0,   113,     0,   108,    88,   113,     0,   119,     0,    58,
   112,     0,   288,   112,     0,   105,   112,     0,    48,   104,
     0,   110,   109,     0,   110,    67,   215,    83,     0,   111,
   109,     0,   111,    67,   215,    83,     0,    33,   112,     0,
    34,   112,     0,    11,     0,    29,     0,   109,     0,    67,
   215,    83,   112,     0,   112,     0,   113,    56,   113,     0,
   113,    57,   113,     0,   113,    58,   113,     0,   113,    59,
   113,     0,   113,    60,   113,     0,   113,    54,   113,     0,
   113,    55,   113,     0,   113,    53,   113,     0,   113,    52,
   113,     0,   113,    51,   113,     0,   113,    49,   113,     0,
   113,    50,   113,     0,     0,   113,    48,   114,   113,     0,
     0,   113,    47,   115,   113,     0,     0,     0,   113,    45,
   116,   106,    46,   117,   113,     0,     0,   113,    45,   118,
    46,   113,     0,   113,    44,   113,     0,   113,    43,   113,
     0,     3,     0,     8,     0,   121,     0,    42,     0,     0,
    67,   215,    83,    89,   120,   175,    85,     0,    67,   106,
    83,     0,    67,     1,    83,     0,   242,   240,    83,     0,
   242,     1,    83,     0,   119,    67,   107,    83,     0,    35,
    67,   113,    88,   215,    83,     0,    36,    67,   113,    88,
   113,    88,   113,    83,     0,    37,    67,   215,    88,   215,
    83,     0,   119,    68,   106,    90,     0,   119,    66,   104,
     0,   119,    65,   104,     0,   119,    62,     0,   119,    63,
     0,     9,     0,   121,     9,     0,     0,   124,     0,   124,
    10,     0,   249,   250,   125,     0,   123,     0,   230,     0,
   124,   123,     0,   123,   230,     0,   148,   127,   160,    84,
     0,   149,   127,   161,    84,     0,   148,    84,     0,   149,
    84,     0,   249,   250,   129,     0,     0,   167,     0,   146,
   127,   160,    84,     0,   147,   127,   161,    84,     0,   146,
   127,   183,     0,   147,   127,   186,     0,   153,    84,     0,
   288,   129,     0,     7,     0,   130,     7,     0,   131,     7,
     0,   130,   168,     0,   132,     7,     0,   133,     7,     0,
   168,     0,   132,   168,     0,   155,     0,   134,     7,     0,
   135,     7,     0,   134,   157,     0,   135,   157,     0,   130,
   155,     0,   131,   155,     0,   156,     0,   134,   168,     0,
   134,   158,     0,   135,   158,     0,   130,   156,     0,   131,
   156,     0,   136,     7,     0,   137,     7,     0,   136,   157,
     0,   137,   157,     0,   132,   155,     0,   133,   155,     0,
   136,   168,     0,   136,   158,     0,   137,   158,     0,   132,
   156,     0,   133,   156,     0,     5,     0,   138,     7,     0,
   139,     7,     0,   130,     5,     0,   131,     5,     0,   138,
     5,     0,   139,     5,     0,   138,   168,     0,   140,     7,
     0,   141,     7,     0,   132,     5,     0,   133,     5,     0,
   140,     5,     0,   141,     5,     0,   140,   168,     0,   142,
     7,     0,   143,     7,     0,   142,   157,     0,   143,   157,
     0,   138,   155,     0,   139,   155,     0,   134,     5,     0,
   135,     5,     0,   142,     5,     0,   143,     5,     0,   142,
   168,     0,   142,   158,     0,   143,   158,     0,   138,   156,
     0,   139,   156,     0,   144,     7,     0,   145,     7,     0,
   144,   157,     0,   145,   157,     0,   140,   155,     0,   141,
   155,     0,   136,     5,     0,   137,     5,     0,   144,     5,
     0,   145,     5,     0,   144,   168,     0,   144,   158,     0,
   145,   158,     0,   140,   156,     0,   141,   156,     0,   134,
     0,   135,     0,   136,     0,   137,     0,   142,     0,   143,
     0,   144,     0,   145,     0,   130,     0,   131,     0,   132,
     0,   133,     0,   138,     0,   139,     0,   140,     0,   141,
     0,   134,     0,   135,     0,   142,     0,   143,     0,   130,
     0,   131,     0,   138,     0,   139,     0,   134,     0,   135,
     0,   136,     0,   137,     0,   130,     0,   131,     0,   132,
     0,   133,     0,   134,     0,   135,     0,   136,     0,   137,
     0,   130,     0,   131,     0,   132,     0,   133,     0,   130,
     0,   131,     0,   132,     0,   133,     0,   134,     0,   135,
     0,   136,     0,   137,     0,   138,     0,   139,     0,   140,
     0,   141,     0,   142,     0,   143,     0,   144,     0,   145,
     0,     0,   151,     0,   157,     0,   159,     0,   158,     0,
     6,     0,   203,     0,   198,     0,     4,     0,    28,    67,
   106,    83,     0,    28,    67,   215,    83,     0,   163,     0,
   160,    88,   128,   163,     0,   165,     0,   161,    88,   128,
   165,     0,     0,    27,    67,   121,    83,     0,     0,   189,
   162,   167,    44,   164,   173,     0,   189,   162,   167,     0,
     0,   194,   162,   167,    44,   166,   173,     0,   194,   162,
   167,     0,     0,   168,     0,   169,     0,   168,   169,     0,
    30,    67,    67,   170,    83,    83,     0,   171,     0,   170,
    88,   171,     0,     0,   172,     0,   172,    67,     3,    83,
     0,   172,    67,     3,    88,   108,    83,     0,   172,    67,
   107,    83,     0,   104,     0,     5,     0,     6,     0,     7,
     0,   113,     0,     0,    89,   174,   175,    85,     0,     1,
     0,     0,   176,   204,     0,   177,     0,   176,    88,   177,
     0,   181,    44,   179,     0,   182,   179,     0,     0,   104,
    46,   178,   179,     0,   179,     0,     0,    89,   180,   175,
    85,     0,   113,     0,     1,     0,   182,     0,   181,   182,
     0,    66,   104,     0,    68,   113,    10,   113,    90,     0,
    68,   113,    90,     0,     0,     0,   189,   184,   122,   185,
   249,   250,   243,     0,     0,     0,   194,   187,   122,   188,
   249,   250,   243,     0,   190,     0,   194,     0,    67,   167,
   190,    83,     0,   190,    67,   283,     0,   190,   223,     0,
    58,   154,   190,     0,     4,     0,   192,     0,   193,     0,
   192,    67,   283,     0,   192,   223,     0,     4,     0,   193,
    67,   283,     0,   193,   223,     0,    58,   154,   192,     0,
    58,   154,   193,     0,    67,   167,   193,    83,     0,   194,
    67,   283,     0,    67,   167,   194,    83,     0,    58,   154,
   194,     0,   194,   223,     0,     3,     0,    13,     0,    13,
   168,     0,    14,     0,    14,   168,     0,    12,     0,    12,
   168,     0,     0,   195,   104,    89,   199,   206,    85,   167,
     0,   195,    89,   206,    85,   167,     0,     0,   196,   104,
    89,   200,   206,    85,   167,     0,   196,    89,   206,    85,
   167,     0,     0,   197,   104,    89,   201,   213,   205,    85,
   167,     0,     0,   197,    89,   202,   213,   205,    85,   167,
     0,   195,   104,     0,   196,   104,     0,   197,   104,     0,
     0,    88,     0,     0,    88,     0,   207,     0,   207,   208,
     0,     0,   207,   208,    84,     0,   207,    84,     0,   150,
   127,   209,     0,   150,   127,   249,   250,     0,   151,   127,
   210,     0,   151,     0,     1,     0,   288,   208,     0,   211,
     0,   209,    88,   128,   211,     0,   212,     0,   210,    88,
   128,   212,     0,   249,   250,   189,   167,     0,   249,   250,
   189,    46,   113,   167,     0,   249,   250,    46,   113,   167,
     0,   249,   250,   194,   167,     0,   249,   250,   194,    46,
   113,   167,     0,   249,   250,    46,   113,   167,     0,   214,
     0,   213,    88,   214,     0,     1,     0,   104,     0,   104,
    44,   113,     0,     0,   152,   216,   217,     0,     0,   219,
     0,     0,   219,     0,   220,   168,     0,   221,     0,   220,
     0,   222,     0,    58,   154,   220,     0,    58,   154,     0,
    58,   154,   221,     0,    67,   167,   219,    83,     0,   222,
    67,   273,     0,   222,   223,     0,    67,   273,     0,   223,
     0,    68,   106,    90,     0,    68,   152,   106,    90,     0,
    68,    90,     0,    68,   152,    90,     0,    68,    58,    90,
     0,    68,   152,    58,    90,     0,    68,     5,   106,    90,
     0,    68,     5,   152,   106,    90,     0,    68,   152,     5,
   106,    90,     0,   225,     0,   226,     0,   227,     0,   228,
     0,   253,     0,   225,   253,     0,   226,   253,     0,   227,
   253,     0,   228,   253,     0,   126,     0,   225,   126,     0,
   226,   126,     0,   228,   126,     0,   254,     0,   225,   254,
     0,   226,   254,     0,   227,   254,     0,   228,   254,     0,
   230,     0,   229,   230,     0,   225,     0,   226,     0,   227,
     0,   228,     0,     1,    84,     0,     0,     0,     0,     0,
     0,   236,     0,   237,     0,   236,   237,     0,    32,   287,
    84,     0,   243,     0,     1,   243,     0,    89,     0,    85,
     0,   231,   235,   241,    85,   232,     0,   224,     0,     1,
     0,    67,    89,     0,   239,   240,     0,   245,   252,     0,
   245,     1,     0,     0,    15,   246,    67,   106,    83,     0,
     0,    18,   248,   252,    17,     0,     0,     0,   253,     0,
   254,   251,     0,   233,   251,   234,     0,   249,   250,   265,
     0,   249,   250,   266,     0,     0,   244,    16,   256,   252,
     0,   244,     0,   244,    16,     1,     0,     0,     0,    17,
   257,    67,   106,    83,   258,   252,     0,   247,    67,   106,
    83,    84,     0,   247,     1,     0,     0,     0,     0,     0,
    19,   259,    67,   264,   260,   268,    84,   261,   268,    83,
   262,   252,     0,     0,    20,    67,   106,    83,   263,   252,
     0,   268,    84,     0,   129,     0,   243,     0,   106,    84,
     0,   233,   255,   234,     0,    23,    84,     0,    24,    84,
     0,    25,    84,     0,    25,   106,    84,     0,    27,   267,
    67,   106,    83,    84,     0,    27,   267,    67,   106,    46,
   269,    83,    84,     0,    27,   267,    67,   106,    46,   269,
    46,   269,    83,    84,     0,    27,   267,    67,   106,    46,
   269,    46,   269,    46,   272,    83,    84,     0,    26,   104,
    84,     0,    26,    58,   106,    84,     0,    84,     0,    21,
   113,    46,     0,    21,   113,    10,   113,    46,     0,    22,
    46,     0,   104,   249,   250,    46,   167,     0,     0,     7,
     0,     0,   106,     0,     0,   270,     0,   271,     0,   270,
    88,   271,     0,     9,    67,   106,    83,     0,    68,   104,
    90,     9,    67,   106,    83,     0,   121,     0,   272,    88,
   121,     0,     0,   167,   274,   275,     0,   278,    83,     0,
     0,     0,   279,    84,   276,   167,   277,   275,     0,     1,
    83,     0,     0,    10,     0,   279,     0,   279,    88,    10,
     0,   281,     0,   279,    88,   280,     0,   146,   127,   191,
   167,     0,   146,   127,   194,   167,     0,   146,   127,   218,
     0,   147,   127,   194,   167,     0,   147,   127,   218,     0,
   148,   282,   191,   167,     0,   148,   282,   194,   167,     0,
   148,   282,   218,     0,   149,   282,   194,   167,     0,   149,
   282,   218,     0,   127,     0,     0,   167,   284,   285,     0,
   275,     0,   286,    83,     0,     3,     0,   286,    88,     3,
     0,   104,     0,   287,    88,   104,     0,    31,     0
};
