static const short yyrline[] = { 0,
   286,   291,   306,   308,   308,   309,   311,   313,   314,   322,
   326,   334,   336,   338,   340,   341,   342,   347,   354,   355,
   360,   362,   368,   369,   374,   376,   382,   383,   388,   392,
   394,   397,   399,   401,   406,   408,   410,   412,   416,   420,
   423,   426,   429,   433,   435,   438,   441,   445,   462,   468,
   471,   474,   477,   479,   483,   487,   491,   493,   497,   499,
   501,   503,   505,   507,   509,   511,   513,   515,   517,   519,
   521,   523,   527,   529,   533,   535,   538,   542,   544,   551,
   554,   561,   571,   578,   579,   581,   583,   587,   596,   601,
   603,   619,   626,   628,   631,   641,   651,   653,   657,   663,
   665,   670,   672,   689,   691,   692,   702,   707,   709,   710,
   711,   718,   721,   723,   726,   734,   743,   753,   758,   761,
   763,   765,   767,   769,   825,   829,   832,   837,   843,   847,
   852,   856,   861,   865,   868,   871,   874,   877,   880,   885,
   889,   892,   895,   898,   901,   906,   910,   913,   916,   919,
   922,   927,   931,   934,   937,   940,   945,   949,   952,   955,
   961,   967,   973,   981,   987,   991,   994,  1000,  1006,  1012,
  1020,  1026,  1030,  1033,  1036,  1039,  1042,  1045,  1051,  1057,
  1063,  1071,  1075,  1078,  1081,  1084,  1089,  1093,  1096,  1099,
  1102,  1105,  1108,  1114,  1120,  1126,  1134,  1138,  1141,  1144,
  1147,  1153,  1155,  1156,  1157,  1158,  1159,  1160,  1161,  1164,
  1166,  1167,  1168,  1169,  1170,  1171,  1172,  1175,  1177,  1178,
  1179,  1182,  1184,  1185,  1186,  1189,  1191,  1192,  1193,  1196,
  1198,  1199,  1200,  1203,  1205,  1206,  1207,  1208,  1209,  1210,
  1211,  1214,  1216,  1217,  1218,  1219,  1220,  1221,  1222,  1223,
  1224,  1225,  1226,  1227,  1228,  1229,  1230,  1234,  1237,  1262,
  1264,  1267,  1271,  1274,  1277,  1281,  1286,  1288,  1294,  1296,
  1299,  1301,  1304,  1307,  1313,  1320,  1322,  1329,  1336,  1338,
  1345,  1348,  1352,  1355,  1359,  1364,  1367,  1371,  1374,  1376,
  1378,  1380,  1387,  1389,  1390,  1391,  1396,  1398,  1400,  1402,
  1407,  1411,  1414,  1416,  1421,  1425,  1428,  1433,  1433,  1436,
  1439,  1441,  1443,  1446,  1448,  1451,  1457,  1461,  1465,  1479,
  1486,  1495,  1509,  1516,  1528,  1530,  1535,  1538,  1543,  1545,
  1547,  1554,  1556,  1559,  1565,  1567,  1570,  1576,  1578,  1580,
  1582,  1589,  1595,  1597,  1599,  1601,  1604,  1607,  1611,  1614,
  1618,  1621,  1631,  1636,  1638,  1642,  1644,  1646,  1650,  1652,
  1655,  1657,  1662,  1665,  1667,  1675,  1677,  1680,  1682,  1687,
  1690,  1695,  1697,  1699,  1704,  1708,  1718,  1721,  1726,  1728,
  1733,  1735,  1739,  1741,  1745,  1749,  1753,  1758,  1762,  1766,
  1776,  1778,  1783,  1788,  1791,  1795,  1800,  1803,  1806,  1809,
  1814,  1818,  1824,  1826,  1829,  1831,  1835,  1838,  1842,  1845,
  1847,  1849,  1851,  1857,  1860,  1862,  1864,  1866,  1868,  1870,
  1874,  1878,  1890,  1892,  1893,  1897,  1900,  1902,  1903,  1904,
  1905,  1908,  1910,  1913,  1914,  1917,  1919,  1920,  1921,  1922,
  1925,  1927,  1930,  1932,  1933,  1934,  1937,  1940,  1947,  1952,
  1968,  1983,  1985,  1990,  1992,  1995,  2009,  2012,  2015,  2019,
  2021,  2028,  2030,  2033,  2051,  2058,  2064,  2067,  2078,  2089,
  2101,  2109,  2115,  2121,  2123,  2127,  2133,  2147,  2156,  2161,
  2165,  2177,  2187,  2190,  2196,  2197,  2200,  2202,  2206,  2209,
  2212,  2215,  2216,  2220,  2223,  2226,  2231,  2234,  2237,  2241,
  2244,  2247,  2250,  2253,  2257,  2261,  2266,  2270,  2282,  2288,
  2296,  2299,  2302,  2305,  2320,  2324,  2328,  2331,  2336,  2338,
  2341,  2343,  2347,  2350,  2354,  2357,  2366,  2372,  2377,  2379,
  2388,  2391,  2392,  2398,  2400,  2410,  2412,  2416,  2419,  2425,
  2431,  2436,  2439,  2445,  2452,  2458,  2463,  2466,  2472,  2477,
  2486,  2492,  2497,  2499,  2516,  2519,  2524,  2527,  2531
};
