static const short yydefact[] = {     3,
     5,     0,     0,     0,   266,   157,   263,   125,   351,   347,
   349,     0,     0,     0,   559,    17,     4,     8,     7,     0,
   210,   211,   212,   213,   202,   203,   204,   205,   214,   215,
   216,   217,   206,   207,   208,   209,   117,   117,     0,   133,
   140,   260,   262,   261,   131,   283,     0,     0,     0,   265,
   264,     0,     6,    15,    16,   352,   348,   350,     0,     0,
     0,   346,   258,   281,     0,   271,     0,   160,   126,   138,
   144,   128,   161,   127,   139,   145,   167,   129,   150,   155,
   132,   168,   130,   151,   156,   178,   134,   136,   142,   141,
   179,   135,   137,   143,   193,   146,   148,   153,   152,   194,
   147,   149,   154,   162,   158,   176,   185,   164,   163,   159,
   177,   186,   169,   165,   191,   200,   171,   170,   166,   192,
   201,   180,   172,   174,   183,   182,   181,   173,   175,   184,
   195,   187,   189,   198,   197,   196,   188,   190,   199,     0,
     0,    14,   284,    30,    31,   372,   363,   372,   364,   361,
   365,    10,    83,    84,   102,    55,    56,     0,     0,     0,
     0,     0,    86,     0,    32,    34,    33,     0,    35,    36,
     0,    37,    38,     0,     0,    39,    57,     0,     0,    59,
    42,    44,    85,     0,     0,     0,   238,   239,   240,   241,
   234,   235,   236,   237,   396,     0,   288,   230,   231,   232,
   233,   259,     0,     0,   282,    11,   281,    29,     0,   281,
     0,     0,   281,   345,   331,   258,   281,     0,   269,     0,
   325,   326,     0,     0,     0,     0,   353,     0,   356,     0,
   359,    53,    54,     0,     0,     0,    48,    45,     0,   464,
     0,     0,    47,     0,     0,     0,    49,     0,    51,     0,
     0,    76,    74,    72,     0,     0,     0,     0,     0,     0,
     0,     0,     0,     0,     0,     0,   100,   101,     0,     0,
    40,     0,   103,     0,   460,   452,     0,    46,   267,   398,
   268,   294,   295,   296,   293,     0,   286,   289,   344,     0,
     0,   118,     0,   551,   342,     0,     0,   416,     0,     0,
     0,    27,     0,   472,   109,   473,   280,     0,     0,    13,
   281,    21,     0,   281,   281,   329,    12,    25,     0,   281,
   379,   374,   230,   231,   232,   233,   226,   227,   228,   229,
   117,   117,   371,     0,   372,   281,   372,   393,   394,   368,
   391,     0,     0,     0,     0,    90,    89,     0,     9,    43,
     0,     0,    82,    81,     0,     0,     0,     0,    70,    71,
    69,    68,    67,    65,    66,    60,    61,    62,    63,    64,
    99,    98,     0,    41,     0,    92,     0,     0,   453,   454,
    91,   258,   281,   397,   399,   404,   403,   405,   413,     0,
   288,    40,   343,   272,   273,     0,     0,     0,     0,   418,
   414,     0,     0,   417,     0,   447,   472,   111,   106,   110,
     0,   278,   330,     0,     0,    19,   277,   328,    23,   355,
   472,   472,   373,   380,     0,   358,     0,     0,   369,     0,
   368,     0,     0,     0,    87,    58,    50,    52,     0,     0,
    75,    73,    93,    97,   557,     0,   463,   432,   462,   472,
   472,   472,   472,     0,   441,     0,   473,   427,   436,   455,
   407,   527,   412,   281,   411,   285,   287,    83,     0,   274,
     0,   555,   535,   222,   223,   218,   219,   224,   225,   220,
   221,   117,   117,   553,     0,   536,   538,   552,     0,   420,
     0,     0,   419,   415,   473,   107,   117,   117,     0,   327,
   270,   273,   472,   275,   472,   375,   381,   473,   377,   383,
   473,   281,   281,   395,   392,   281,     0,     0,     0,     0,
     0,    77,    80,   456,     0,   433,   428,   437,   434,   429,
   438,   473,   430,   439,   435,   431,   440,   442,   449,   450,
   406,   408,     0,     0,   527,   410,   290,     0,   292,   533,
   550,   400,   400,   529,   530,     0,   554,     0,   421,   422,
     0,   114,     0,   115,     0,   300,   298,   297,   279,   473,
     0,   473,   281,   376,   281,     0,   354,   357,   362,   281,
    94,     0,    96,   313,    83,     0,     0,   310,     0,   312,
     0,   366,   303,   309,     0,     0,     0,   558,   450,   461,
   266,     0,     0,     0,     0,     0,     0,   515,   510,   459,
   472,     0,   116,   117,   117,     0,     0,   448,   497,   477,
   478,     0,   409,   528,     0,   336,   258,   281,   281,   332,
   333,   281,   547,   401,   404,   258,   281,   281,   549,   281,
   537,   210,   211,   212,   213,   202,   203,   204,   205,   214,
   215,   216,   217,   206,   207,   208,   209,   117,   117,   539,
   556,     0,    28,   457,     0,     0,     0,     0,   276,     0,
   472,     0,   281,   472,     0,   281,   360,     0,   316,     0,
     0,   307,    88,     0,   302,     0,   315,   306,    78,     0,
   513,   500,   501,   502,     0,     0,     0,   516,     0,   473,
   498,     0,     0,   123,   468,   483,   470,   488,     0,   481,
     0,     0,   451,   465,   124,   291,   407,   527,   545,   281,
   335,   281,   338,   546,   402,   407,   527,   548,   531,   400,
   400,   458,   112,   113,     0,    20,    24,   382,   473,   281,
     0,   385,   384,   281,     0,   388,    95,     0,   318,     0,
     0,   304,   305,     0,   511,   503,     0,   508,     0,     0,
     0,   121,   319,     0,   122,   322,     0,     0,   450,     0,
     0,     0,   467,   472,   466,   487,     0,   499,   339,   340,
     0,   334,   337,     0,   281,   281,   542,   281,   544,   299,
     0,   387,   281,   390,   281,     0,   311,   308,     0,   509,
     0,   281,   119,     0,   120,     0,     0,     0,     0,   517,
     0,   482,   450,   451,   474,   472,     0,   341,   532,   540,
   541,   543,   386,   389,   317,   512,   519,     0,   514,   320,
   323,     0,     0,   471,   518,   496,   489,     0,   493,   480,
   476,   475,     0,     0,     0,     0,   520,   521,   504,   472,
   472,   469,   484,   517,   495,   450,   486,     0,     0,   519,
     0,     0,   473,   473,   450,     0,   494,     0,     0,     0,
   505,   522,     0,     0,   485,   490,   523,     0,     0,     0,
   321,   324,   517,     0,   525,     0,   506,     0,     0,     0,
     0,   491,   524,   507,   526,   450,   492,     0,     0,     0
};
